-3.133230782000000048e+01	1.461797790999999904e+02	3.054819489000000132e+01
-2.781351470999999975e+01	1.468899231000000043e+02	2.956505965999999930e+01
-2.431517219999999924e+01	1.475093688999999983e+02	2.856773567000000114e+01
-2.085960006999999905e+01	1.480375366000000099e+02	2.756287002999999913e+01
-1.746766853000000097e+01	1.484759674000000018e+02	2.655495452999999983e+01
-1.415899276999999934e+01	1.488279266000000121e+02	2.554665755999999988e+01
-1.095209121999999979e+01	1.490982056000000000e+02	2.453918838999999963e+01
-7.864488601999999773e+00	1.492928924999999936e+02	2.353260612000000052e+01
-4.912600993999999943e+00	1.494191589000000135e+02	2.252607536000000010e+01
-2.111739397000000018e+00	1.494849700999999982e+02	2.151811217999999926e+01
5.241180062000000417e-01	1.494989624000000106e+02	2.050680351000000101e+01
2.982418060000000093e+00	1.494701384999999902e+02	1.948994636999999841e+01
5.252228737000000258e+00	1.494076080000000104e+02	1.846528435000000101e+01
7.324241160999999778e+00	1.493203887999999893e+02	1.743062400999999895e+01
9.190953255000000155e+00	1.492171173000000124e+02	1.638404083000000000e+01
1.084663296000000088e+01	1.491059265000000096e+02	1.532406615999999921e+01
1.228733062999999959e+01	1.489941406000000086e+02	1.424981784999999945e+01
1.351086521000000040e+01	1.488881835999999907e+02	1.316127396000000083e+01
1.451672744999999942e+01	1.487934722999999906e+02	1.205942059000000022e+01
1.530611896999999999e+01	1.487143555000000106e+02	1.094647503000000022e+01
1.588183498000000071e+01	1.486539764000000048e+02	9.826149940000000527e+00
1.624827193999999864e+01	1.486143645999999876e+02	8.703817367999999277e+00
1.641143416999999971e+01	1.485964508000000137e+02	7.586756706000000072e+00
1.641143416999999971e+01	1.485964508000000137e+02	7.586756706000000072e+00
1.637894629999999907e+01	1.486000214000000028e+02	6.484414100999999597e+00
1.616004752999999994e+01	1.486239928999999904e+02	5.408545494000000176e+00
1.576565455999999976e+01	1.486663513000000023e+02	4.373491287000000227e+00
1.520840835999999996e+01	1.487243957999999964e+02	3.396306275999999791e+00
1.450260543999999996e+01	1.487948761000000104e+02	2.496961594000000062e+00
1.366419888000000071e+01	1.488742217999999866e+02	1.698494315000000032e+00
1.271066856000000023e+01	1.489586639000000048e+02	1.027174234000000075e+00
1.186485004000000032e+01	1.490284119000000089e+02	5.960299372999999790e-01
1.159901714000000084e+01	1.490493468999999891e+02	4.886522293000000183e-01
1.133304786999999969e+01	1.490698089999999922e+02	3.931638002000000243e-01
1.106691550999999940e+01	1.490897980000000018e+02	3.086548150000000268e-01
1.080069733000000021e+01	1.491093291999999906e+02	2.345442920999999958e-01
1.053457928000000088e+01	1.491283416999999929e+02	1.704620420999999886e-01
1.026883506999999973e+01	1.491468811000000017e+02	1.162775010000000053e-01
1.000380039000000032e+01	1.491649017000000015e+02	7.204089314000000632e-02
9.739910125999999835e+00	1.491823578000000055e+02	3.798257932000000114e-02
9.477612495000000692e+00	1.491992492999999911e+02	1.447132322999999943e-02
9.217410087999999391e+00	1.492155609000000140e+02	1.978441606999999797e-03
8.959833144999999277e+00	1.492312469000000021e+02	1.063637085999999963e-03
8.705412864999999556e+00	1.492463074000000063e+02	1.234750356999999958e-02
8.454683303999999566e+00	1.492607117000000017e+02	3.646980971000000210e-02
8.208180428000000362e+00	1.492744750999999894e+02	7.408159971000000121e-02
7.966376781000000129e+00	1.492875823999999909e+02	1.258126199000000056e-01
7.729745864999999938e+00	1.493000183000000050e+02	1.922134459000000017e-01
7.498683452999999943e+00	1.493117981000000043e+02	2.737749815000000142e-01
7.273519992999999850e+00	1.493229369999999960e+02	3.708764613000000154e-01
7.054515838999999566e+00	1.493334503000000097e+02	4.837585985999999783e-01
6.841854571999999912e+00	1.493433379999999886e+02	6.124913095999999779e-01
6.635568142000000336e+00	1.493526611000000059e+02	7.569643258999999569e-01
6.435635089999999892e+00	1.493614043999999978e+02	9.168376326999999604e-01
6.241852760000000444e+00	1.493696289000000093e+02	1.091531515000000008e+00
6.053893088999999783e+00	1.493773650999999916e+02	1.280185102999999991e+00
5.871284485000000331e+00	1.493846436000000040e+02	1.481638908000000088e+00
5.693373679999999659e+00	1.493915404999999907e+02	1.694402337000000092e+00
5.519324303000000320e+00	1.493980712999999980e+02	1.916645288000000003e+00
5.348133564000000284e+00	1.494042815999999902e+02	2.146117686999999830e+00
5.178535461000000062e+00	1.494102782999999874e+02	2.380179882000000191e+00
4.658351898000000268e+00	1.494273986999999977e+02	3.100683211999999855e+00
3.777771949999999990e+00	1.494522399999999891e+02	4.296180247999999757e+00
2.884635448000000046e+00	1.494721527000000094e+02	5.474297522999999721e+00
1.978574276000000021e+00	1.494869079999999997e+02	6.630840777999999602e+00
1.058733702000000054e+00	1.494962462999999957e+02	7.762549400000000155e+00
1.238832921000000004e-01	1.494999390000000119e+02	8.867021560999999608e+00
-8.275793791000000121e-01	1.494977111999999977e+02	9.942648888000000795e+00
-1.797520041000000068e+00	1.494891815000000008e+02	1.098855591000000054e+01
-2.788062334000000142e+00	1.494739838000000134e+02	1.200449180999999932e+01
-3.801476001999999799e+00	1.494516601999999921e+02	1.299083899999999936e+01
-4.840140342999999845e+00	1.494216155999999955e+02	1.394848441999999977e+01
-5.906479835999999928e+00	1.493832702999999924e+02	1.487878036000000037e+01
-7.002925872999999690e+00	1.493358916999999906e+02	1.578348826999999943e+01
-8.131798743999999246e+00	1.492786713000000134e+02	1.666466521999999983e+01
-9.295305252000000351e+00	1.492107391000000121e+02	1.752464675999999955e+01
-1.049542141000000051e+01	1.491311340000000030e+02	1.836596679999999893e+01
-1.173387050999999914e+01	1.490388030999999955e+02	1.919125748000000087e+01
-1.301203250999999916e+01	1.489326476999999898e+02	2.000321197999999967e+01
-1.433086967000000023e+01	1.488115386999999998e+02	2.080450249000000085e+01
-1.569089890000000054e+01	1.486742859000000010e+02	2.159773253999999909e+01
-1.709210587000000103e+01	1.485197296000000051e+02	2.238530731000000173e+01
-1.853389740000000074e+01	1.483466948999999886e+02	2.316945648000000091e+01
-2.001506232999999924e+01	1.481541138000000046e+02	2.395210074999999961e+01
-2.153369903999999835e+01	1.479410095000000069e+02	2.473480606000000037e+01
-2.308721351999999882e+01	1.477065430000000106e+02	2.551873016000000050e+01
-2.467226790999999864e+01	1.474500731999999914e+02	2.630453109999999839e+01
-2.628472518999999963e+01	1.471711884000000055e+02	2.709231757999999957e+01
-2.791971397000000010e+01	1.468697967999999889e+02	2.788159561000000153e+01
-2.957148743000000124e+01	1.465461425999999960e+02	2.867114258000000149e+01
-3.123350333999999862e+01	1.462009276999999940e+02	2.945901107999999979e+01
-3.169230269999999905e+01	1.461021575999999982e+02	2.967558478999999849e+01
